2 2.17693 0.242524 -1.53404 -2.34851 -0.329525 -0.98707 1.54091 0.352003 1.16237 0.133282 
2 1.63539 -0.27587 1.14803 0.521261 1.33322 1.1202 0.0716028 -0.0570583 -0.173787 -1.07128 
2 0.0856609 1.16492 -1.27271 -0.11066 0.985538 -1.34982 -0.381626 1.16782 -0.384391 1.48074 
2 0.359332 -1.07972 1.60499 -0.129685 -0.107145 1.44871 1.51316 0.918608 1.81202 1.26789 
2 -0.605407 0.116992 -0.637203 -0.46518 -0.993127 1.54929 -1.37897 -0.646409 -0.93359 0.378163 
2 -0.184955 -0.329116 0.216001 -1.94423 -0.108883 1.00275 1.74111 3.0134 -0.716472 -0.552626 
2 -0.497178 -0.173281 -0.622245 0.348527 2.29963 -1.00112 1.99637 0.305368 -0.158643 0.5814 
2 -0.404651 -0.271705 -0.867511 -0.722851 -2.21257 -1.1161 -1.12552 -0.0566486 0.182272 -1.08144 
2 0.28053 -0.808285 0.237929 -0.353347 -1.68485 -1.10113 1.09629 -1.05834 -1.0225 -1.18699 
1 0.864381 -2.78884 0.146376 0.385637 0.0500255 0.157025 -0.501187 1.57845 -1.33757 -0.310688 
2 1.28117 1.69754 -1.21178 -1.77699 1.85288 1.90353 0.499549 -0.406761 0.467042 0.144991 
2 1.03324 0.020173 -2.42622 -0.948066 -0.717888 -0.523849 -1.32316 -1.49165 -0.176311 0.156622 
1 0.143121 0.282816 -0.106678 0.0707975 0.822628 0.41327 -0.376346 -0.604617 0.163633 -0.00329525 
2 -0.0122407 0.695223 -0.684465 0.632106 -0.794421 -1.05267 0.0135204 -0.307503 0.624045 0.886532 
2 -0.483064 0.111325 1.13336 -0.248799 -0.265873 0.0718688 -2.09904 2.18221 -1.61326 2.12725 
1 0.200372 -0.826407 0.172871 0.66041 0.425833 0.862904 1.09675 1.24671 0.351723 1.25748 
2 -1.52525 -0.227805 1.50014 -0.410807 -0.825892 -0.395825 -0.113382 0.0307755 1.10761 1.27643 
2 2.11143 0.48543 1.81445 0.304534 0.0829563 -1.08162 -1.35744 -0.420841 -0.103578 1.02537 
2 -0.861914 0.878337 -1.38408 -0.755577 -0.933202 -0.00160789 0.698581 -0.876927 0.0999455 0.0576421 
2 -0.0531455 1.19356 1.46705 -1.1373 0.0164355 -0.439588 -0.13461 -0.550796 0.85642 -1.00457 
1 -0.410212 0.303853 -0.0399219 1.56735 0.086257 0.20872 -1.41691 0.328223 0.957407 -0.47624 
2 0.137143 -0.0878286 -0.0174163 0.451149 -1.0161 -1.1699 -1.75763 -0.0597899 -0.416405 0.463296 
1 0.00533338 -0.787368 -0.602658 -0.179282 0.597322 -0.149039 0.551347 0.319248 0.801668 -1.22211 
2 -0.5608 -0.602599 -0.0437558 0.144422 -0.29495 1.8795 0.138239 0.0771383 0.869642 1.77581 
2 0.336596 -0.582116 0.726744 0.588027 -0.31099 -0.498882 -0.793645 -0.276952 0.315067 -0.297756 
1 -0.635898 -0.363397 -0.36971 -0.293512 0.524793 1.23989 0.291009 -1.3419 -0.609643 -0.536817 
2 -0.281722 0.15817 -0.975293 -0.301321 0.0759772 0.728325 1.26984 0.879035 1.74232 -1.37607 
1 -0.748034 0.631215 -0.668343 0.676844 0.0354239 0.262075 -0.666297 -1.3766 -0.164315 0.519062 
2 -0.335909 1.57521 -0.603787 0.475913 2.13018 1.25394 0.483791 0.734332 0.666709 0.967532 
2 -1.22757 -3.19863 2.32523 0.107859 -1.7173 -1.48974 0.767183 0.315124 0.200097 1.65961 
1 1.01308 0.87785 -0.325526 2.05811 0.00580117 -0.648652 -0.686378 -0.7442 1.02733 0.241887 
2 1.03809 -0.00610766 0.970439 0.875891 1.65842 -0.644644 0.221425 0.0273762 -0.0957421 0.337647 
2 -0.32631 -1.82357 0.312391 -0.00579433 -1.57822 -1.54845 -0.605856 -0.348049 1.06941 -1.73033 
2 -0.823928 1.42942 0.644764 0.911062 -0.083666 -0.880601 -2.71124 0.384785 -0.480105 0.334304 
1 0.269846 -1.45478 0.584321 0.509444 0.0133171 0.853211 0.496433 -1.16334 0.843347 -0.295641 
2 -0.104599 0.166533 -1.49441 0.630185 0.753106 1.2426 -0.391999 -1.72132 0.42689 0.260106 
2 2.28942 0.104322 0.159459 -1.53043 -0.201162 -2.474 0.622392 -0.25708 -0.221505 1.274 
2 0.166938 -0.462262 0.528971 -2.17283 1.3251 -0.954017 -0.24006 1.66776 0.354653 -0.793157 
2 0.312299 -0.0208532 1.22456 0.744624 -0.523627 -0.982435 -0.344948 -1.18693 1.32679 -1.5267 
2 1.02339 1.89329 1.72493 0.0574011 0.248703 1.13333 0.513797 -1.29492 0.900819 -1.45065 
2 0.100383 0.775263 -0.621842 1.35178 -1.69165 -0.488099 0.825232 -1.81127 -1.41878 0.325305 
2 -1.36 1.38548 1.75817 -1.82783 0.72078 0.341461 0.508172 -0.106242 0.598757 -0.89076 
2 -1.4501 0.343409 0.290756 -2.06286 -1.40273 0.363356 1.13333 0.132091 0.600499 2.03408 
2 -0.0385061 -0.0292576 0.813479 0.729783 -0.528526 0.920811 1.14021 -2.36802 0.867397 0.597837 
2 -1.02496 0.3152 -0.911265 -1.00291 2.08109 0.787913 -0.935898 0.424119 -1.98166 -0.0837058 
2 1.37121 -0.280023 -0.426542 -0.222799 -0.922396 -0.491571 1.42015 -0.0626814 -1.34678 -0.370738 
1 -0.654477 0.361996 0.809505 -0.429861 0.350815 0.680296 -0.660634 1.3594 -2.49629 0.793973 
2 -1.34001 0.394992 -0.597605 -0.602168 -1.64649 0.440771 -0.732728 2.26875 -0.889791 -1.53341 
1 0.515432 1.4175 -0.118388 -0.857038 0.245844 -2.14145 0.553062 0.0913583 -2.00376 1.72292 
2 -1.16918 -0.765915 -0.795196 -0.156875 1.63955 1.03045 0.204195 0.809128 -1.66261 -0.327019 
2 0.0115289 -0.354955 0.480302 -0.131871 -1.27032 -0.0297034 1.25429 1.35767 2.51313 1.27619 
1 -0.952009 0.364026 0.445998 -1.02505 0.196644 -0.446609 0.118913 0.279356 -1.27834 0.62802 
1 -0.175216 0.585297 0.77165 1.08722 0.0727254 0.543423 -0.604769 0.0585725 -0.544982 -0.06646 
1 0.929189 0.153161 0.0565692 -0.1057 0.338485 -1.18131 0.144818 -0.650879 -0.0778706 -0.886999 
2 0.758591 -0.344144 -0.387486 0.452363 -0.81729 -0.79817 -2.21149 0.506863 1.0884 0.297296 
2 -0.277706 0.435799 -0.507464 1.67551 -0.129955 -0.365635 0.0166438 0.707394 -0.0464958 0.316381 
2 0.714967 0.772022 0.482424 -0.805105 1.13934 -0.558958 1.08942 0.45414 -1.1892 0.518849 
2 -1.62966 0.648722 0.0344376 -0.607654 -0.611974 0.0196525 -0.226327 0.462261 1.42115 -2.08611 
2 0.54994 -0.196118 -0.733293 -1.48973 0.585652 1.00068 1.5249 0.286004 0.280532 -0.0817596 
2 0.723591 -1.64748 -1.26405 0.311397 0.180448 0.289386 -2.15936 -0.468216 0.39968 -0.790871 
2 -0.662763 -1.12596 -0.0431974 -0.26898 -0.555058 1.06346 1.29233 0.954629 -0.419815 -0.630804 
2 0.256472 -1.05923 1.09243 1.77215 0.202931 1.06424 -0.258046 -1.13933 -1.01436 0.160859 
2 1.21407 1.77324 -0.183678 -0.996014 -1.01314 -0.14076 -1.39664 -1.31971 1.17169 -0.204424 
2 0.181612 0.217251 -1.14443 -0.4009 0.821453 -0.259998 0.146246 -0.279557 -0.282483 1.14215 
2 0.288858 -0.142219 -0.744594 0.230513 -0.653067 -0.427443 0.106782 0.20912 -0.857784 -0.645053 
1 0.378076 -0.104533 -0.346325 1.42499 0.257289 0.514386 0.341063 -0.655446 1.60404 0.306365 
1 -1.63415 0.36785 0.858257 0.174896 0.155988 -1.32143 1.05102 -0.70877 -0.66713 -0.346073 
2 -0.15693 1.08544 -1.07883 0.831252 0.21465 -1.0756 1.15086 0.154348 -0.681075 0.566032 
2 0.416612 -1.9031 -1.39595 0.0643536 -0.677294 -1.21513 0.298051 0.883374 -0.0188684 -1.1662 
1 -1.03331 1.15248 0.388411 -1.08007 0.111764 0.260042 -0.0152559 0.946188 -0.112541 0.478097 
2 0.188167 0.471692 -0.814904 -1.79917 1.46838 -0.290177 0.256776 -0.97301 0.593552 0.172393 
2 1.44272 -2.14208 0.179295 -1.72574 -0.659159 0.426412 -2.27 -0.0867845 0.196201 0.405722 
2 -1.41017 0.0550333 0.796876 0.771316 0.767031 0.5147 -0.138725 -0.367445 -1.64155 -0.80917 
2 0.176175 1.83927 1.46995 -0.413258 0.653947 2.97499 -0.629809 1.61702 -1.27126 -1.02237 
2 1.18276 -0.516054 0.169976 2.16231 -2.22651 0.0788409 0.785909 0.726396 -1.00713 -1.61034 
2 1.40756 -0.412072 0.360839 1.43055 0.448938 -0.987007 -2.17262 1.25572 0.840784 -2.59608 
2 -0.379523 2.01417 0.537359 1.28689 -0.472144 0.86758 -0.15239 0.939705 0.690765 0.0702323 
2 0.510561 -1.59261 -0.652376 1.42461 0.897369 0.728905 -0.734713 -1.27931 1.83968 -0.253433 
1 -0.888218 0.661633 0.742691 1.64567 0.179069 0.82579 -0.16577 0.367229 0.148231 -0.333082 
2 -0.885802 -0.287192 -0.491727 -1.52119 0.909747 0.642136 1.30701 1.01409 2.04924 -1.08891 
2 -0.373451 -1.34519 -1.86407 -0.37461 -0.574022 -0.474018 0.790169 -1.49192 0.631733 -1.41941 
1 -0.529206 -1.12624 0.131617 -1.09608 0.642391 -0.170416 -0.280223 -1.01438 0.862113 -0.606637 
2 -2.01863 0.129518 0.695523 -0.25649 -1.44065 0.97218 -1.46904 0.475005 -0.402356 0.103159 
2 2.29189 1.29156 2.82534 0.257218 0.705159 -0.324061 -0.021432 -1.95022 0.144628 0.591139 
1 1.43708 0.139246 -0.379522 0.917488 -0.0518114 -0.0743922 0.78179 0.612789 0.423441 0.0954757 
1 -0.490141 1.18375 0.61497 0.813634 0.303643 0.917042 -1.16573 0.934811 0.658197 0.926883 
2 -1.35249 -0.412033 -1.00845 0.195296 -1.85591 -1.25512 0.485841 -1.77478 -0.366038 1.64353 
1 0.456596 -0.505821 0.797853 -0.958562 0.495991 1.03729 -0.606893 -0.122708 0.37331 -0.0996026 
1 -2.36335 0.434821 -0.305 1.63844 0.548485 -1.60439 -0.150471 1.02672 -1.68988 -0.886684 
2 -0.120406 -0.777751 1.56545 0.00339953 -0.395941 0.938461 -0.370977 -0.256488 -0.0472327 0.379444 
2 -1.29342 -2.0076 1.1675 -0.062117 -0.820806 0.673249 0.990787 -0.663472 -1.70292 -1.45454 
2 0.257051 0.373914 -1.26175 0.912329 0.805272 -0.833285 -0.117574 -0.543422 0.181942 1.21089 
2 -0.388023 0.915612 -2.67756 1.23883 -1.30379 -0.514089 1.16989 -0.264883 -1.05089 2.16988 
2 -1.41276 0.054345 -1.35217 1.01966 1.33008 -1.02753 -0.431595 -1.68891 -1.60533 -0.813734 
1 -0.147907 -0.248477 0.0535885 0.719834 0.220308 0.615587 -0.119112 0.362927 0.412549 0.395006 
2 2.47867 -0.148406 -0.312826 -0.0500489 -0.343515 1.66199 0.783451 0.398315 -0.673444 -1.03786 
2 -1.56062 -0.366175 -0.00710261 -0.299118 3.02138 1.51843 1.80086 -0.0959215 1.18621 -0.687281 
1 1.39071 -0.923712 -0.794347 -0.446368 0.056174 -0.514419 0.350008 -1.28169 -1.26448 -0.461567 
2 0.0671434 1.71026 -0.998634 0.70698 -1.55202 -0.729031 -0.474898 0.701539 0.307965 0.125228 
2 0.794574 -0.9178 1.0741 -1.06087 0.223194 -1.81446 -0.366101 1.36872 -0.0940996 2.14707 
